0 2
0 3
0 4
0 13
0 24
0 31
0 46
0 55
0 58
0 62
0 63
0 66
0 74
0 89
1 2
1 5
1 6
1 8
1 10
1 11
1 16
1 19
1 27
1 30
1 40
1 41
1 45
1 48
1 50
1 51
1 55
1 57
1 58
1 59
1 60
1 62
1 78
1 81
2 3
2 9
2 33
2 37
2 99
3 4
3 5
3 7
3 8
3 14
3 16
3 25
3 37
3 50
3 53
3 59
3 82
4 6
4 7
4 23
4 39
4 43
4 60
4 68
4 70
4 82
5 12
5 17
5 19
5 20
5 22
5 25
5 30
5 48
5 53
5 63
5 77
5 81
5 85
5 98
6 10
6 14
6 52
6 75
7 31
8 9
8 11
8 13
8 15
8 17
8 29
8 33
8 41
8 44
8 49
8 84
9 12
9 18
9 36
9 38
9 56
9 70
9 77
10 26
10 93
10 96
11 21
11 23
11 28
11 38
11 40
11 42
11 54
11 69
11 86
11 97
12 15
12 22
12 26
12 32
12 69
12 95
13 28
13 35
13 66
14 18
14 56
14 72
14 85
14 99
16 21
16 45
16 46
16 61
16 76
18 20
18 35
18 36
18 47
18 68
18 73
19 29
20 34
20 43
20 44
20 49
20 65
20 78
20 80
21 27
21 83
22 24
22 72
24 32
27 61
28 39
28 67
28 88
29 89
30 34
31 86
33 51
33 64
35 83
35 90
35 91
36 42
37 67
37 84
38 57
38 94
42 47
43 71
43 79
47 92
49 52
49 90
49 94
50 54
52 64
53 74
54 80
55 65
57 73
58 75
59 76
59 87
59 88
60 91
64 98
67 71
67 79
67 95
67 96
72 87
80 92
85 93
91 97
