0 2
0 3
0 7
0 8
0 11
0 18
0 19
0 21
0 29
0 31
0 37
0 43
0 47
0 50
0 53
0 54
0 62
0 70
0 75
0 76
0 88
0 106
0 107
0 109
0 113
0 158
0 165
0 167
0 173
0 180
0 184
1 2
1 3
2 4
2 5
2 6
2 7
2 9
2 12
2 13
2 17
2 20
2 21
2 22
2 33
2 35
2 37
2 38
2 41
2 49
2 55
2 56
2 59
2 60
2 67
2 93
2 95
2 98
2 103
2 110
2 114
2 118
2 120
2 121
2 133
2 134
2 139
2 146
2 156
2 160
2 162
2 168
2 170
2 177
2 185
2 192
3 4
3 5
3 10
3 12
3 13
3 14
3 32
3 71
3 74
3 104
3 108
3 153
3 162
3 172
3 188
4 6
4 9
4 16
4 38
4 41
4 45
4 46
4 53
4 61
4 70
4 73
4 78
4 89
4 99
4 102
4 121
4 155
4 173
4 174
5 8
5 23
5 48
5 57
5 73
5 77
5 90
5 102
5 103
5 108
5 135
5 166
6 10
6 14
6 16
6 19
6 36
6 44
6 55
6 72
6 164
6 172
7 15
7 25
7 33
7 51
7 56
7 65
7 79
7 140
7 193
8 11
8 66
8 86
8 87
8 92
8 186
10 24
10 42
10 78
10 142
11 15
11 17
11 27
11 28
11 47
11 58
11 84
11 87
11 89
11 93
11 97
11 116
11 143
11 158
11 174
11 177
11 195
12 24
12 118
13 63
14 18
14 27
14 30
14 39
14 97
14 125
14 138
14 157
14 199
15 50
15 57
15 61
15 76
15 83
15 94
15 95
15 112
15 128
15 148
15 164
15 198
16 20
16 26
16 39
16 64
16 68
16 125
16 127
16 182
16 193
17 131
18 69
18 152
19 23
19 25
19 29
19 74
19 79
19 82
19 94
19 111
19 137
19 141
20 34
20 42
20 65
20 91
20 92
20 104
20 167
20 169
20 195
21 22
21 51
21 194
23 60
23 110
23 180
24 44
24 91
25 26
25 28
25 46
25 77
25 144
25 191
26 45
26 106
26 131
26 161
27 59
27 197
28 40
28 63
28 69
29 30
29 32
29 66
30 31
30 34
30 35
30 36
30 52
30 80
30 82
30 115
30 122
30 123
30 143
30 149
30 152
30 170
31 150
31 182
31 196
32 40
32 105
32 112
32 114
32 123
32 145
32 176
32 188
32 196
33 48
33 49
33 122
33 133
33 159
34 68
34 100
35 43
35 117
35 160
37 54
37 75
37 124
37 128
37 190
37 191
38 58
38 98
38 139
38 146
38 181
39 130
40 85
40 187
41 178
42 62
42 197
44 64
44 81
44 148
44 154
45 52
45 142
46 137
48 163
49 80
49 129
49 145
49 151
50 67
50 183
51 101
51 127
51 134
52 90
53 72
53 115
53 153
53 157
54 119
56 81
56 96
57 154
58 163
58 169
61 96
61 136
62 175
64 71
64 100
64 151
65 117
70 83
70 113
70 149
71 105
71 199
72 99
72 119
74 85
74 155
75 147
77 116
77 124
78 107
79 86
80 178
82 84
83 130
83 132
85 88
85 109
88 165
90 120
91 150
96 126
99 161
100 101
102 111
102 126
102 141
102 198
103 171
104 129
104 140
105 181
106 138
108 166
109 135
109 159
109 179
109 189
110 176
115 136
118 144
125 132
125 185
131 168
140 156
144 147
152 187
152 194
153 183
156 179
157 192
164 171
166 175
169 190
173 186
174 189
180 184
