0 2
0 3
0 5
0 8
0 23
0 28
0 29
0 47
0 78
0 81
0 93
0 102
0 123
0 145
0 162
0 164
0 211
0 215
0 266
0 299
1 2
1 3
1 4
1 5
1 6
1 10
1 13
1 15
1 16
1 19
1 21
1 24
1 25
1 26
1 33
1 35
1 42
1 46
1 53
1 60
1 67
1 69
1 73
1 85
1 94
1 96
1 97
1 99
1 100
1 113
1 116
1 117
1 131
1 132
1 142
1 143
1 144
1 149
1 158
1 162
1 166
1 173
1 190
1 191
1 220
1 237
1 254
1 261
1 279
2 7
2 8
2 41
2 48
2 59
2 64
2 77
2 106
2 134
2 180
2 195
2 226
2 262
2 293
3 4
3 6
3 7
3 10
3 11
3 13
3 14
3 15
3 17
3 25
3 27
3 32
3 37
3 40
3 45
3 49
3 53
3 56
3 70
3 86
3 88
3 89
3 125
3 133
3 238
3 246
3 276
3 284
4 12
4 17
4 90
4 100
4 105
4 226
4 288
4 294
5 9
5 183
5 230
5 267
6 12
6 16
6 45
6 101
6 123
6 124
6 163
6 166
6 207
6 290
7 109
7 160
7 272
7 275
7 287
8 9
8 11
8 51
8 78
8 80
8 84
8 94
8 135
8 146
8 154
8 272
8 297
9 20
9 21
9 22
9 23
9 31
9 52
9 81
9 83
9 84
9 108
9 116
9 119
9 137
9 150
9 171
9 193
9 228
9 248
9 258
9 283
10 18
10 32
10 41
10 47
10 55
10 56
10 82
10 87
10 92
10 98
10 111
10 122
10 128
10 198
10 199
10 204
10 217
10 219
10 223
10 237
10 243
10 245
10 255
10 276
11 35
11 54
11 76
11 113
11 152
11 196
11 206
11 240
11 242
11 257
11 298
12 37
12 62
12 72
13 14
13 20
13 57
13 92
13 149
13 215
13 219
15 19
15 22
15 39
15 63
15 68
15 115
15 118
15 133
15 286
15 292
16 18
16 38
16 40
16 58
16 71
16 98
16 114
16 118
16 129
16 148
16 174
16 190
16 214
16 259
16 269
17 27
17 43
17 89
17 91
17 125
17 150
17 225
18 73
18 224
18 258
18 288
19 24
19 29
19 69
19 83
19 95
19 117
19 153
19 159
19 172
19 181
19 200
19 214
19 296
20 50
20 110
20 285
21 44
21 48
21 51
21 59
21 75
21 80
21 82
21 107
21 143
22 28
22 43
22 87
22 111
22 137
22 250
22 261
23 26
23 36
23 42
23 46
23 54
23 67
23 121
23 124
23 127
23 151
23 167
23 178
23 232
23 273
24 90
24 170
24 176
24 197
24 231
24 247
24 277
25 30
26 30
26 31
26 33
26 52
26 65
26 66
26 120
26 129
26 139
26 147
26 157
26 171
26 186
26 238
28 68
28 86
28 141
29 160
30 34
30 65
30 119
31 36
31 85
31 121
32 34
32 38
32 39
32 61
32 104
32 229
33 72
33 106
33 110
33 114
33 169
33 200
34 104
34 136
35 213
35 251
36 50
36 148
36 199
36 224
36 252
36 291
37 112
37 270
38 44
38 63
38 74
38 246
38 268
39 64
39 88
39 216
39 260
39 264
39 299
40 49
40 99
42 57
42 126
42 180
42 241
42 244
42 271
43 55
43 61
43 66
43 217
43 230
43 236
46 79
46 156
46 187
46 201
46 287
47 60
47 70
47 96
47 131
47 152
47 177
47 182
48 95
49 74
49 102
49 140
49 245
52 168
53 165
54 274
55 126
55 243
56 58
56 71
56 79
56 135
56 233
57 156
59 62
59 77
59 181
59 235
60 109
60 158
60 213
61 175
62 165
63 75
63 93
63 103
63 187
63 197
63 248
63 257
64 91
65 186
65 291
66 76
66 185
70 208
71 101
71 151
72 155
72 210
72 222
73 138
76 177
76 185
76 283
76 295
77 127
77 250
78 136
81 108
81 146
82 240
83 176
83 203
84 228
85 241
85 253
85 265
86 147
86 173
86 239
87 164
90 212
91 97
91 167
91 172
91 179
91 183
91 229
91 239
92 107
92 130
93 112
94 223
94 227
94 273
95 212
95 278
96 120
96 191
97 103
97 159
97 178
100 105
100 196
101 144
101 209
104 169
105 184
105 289
106 115
106 194
106 203
106 210
106 249
106 280
106 293
107 157
108 202
108 211
109 195
109 220
112 140
112 255
113 122
113 168
113 298
114 128
114 161
114 218
116 139
116 174
116 233
116 256
117 271
118 138
118 142
118 221
118 266
121 141
121 192
122 134
122 153
122 296
123 132
125 182
125 234
127 130
127 189
127 192
127 265
128 155
133 231
135 163
135 208
139 145
139 154
139 170
139 189
139 292
139 297
140 179
140 202
142 290
145 259
150 188
150 268
151 161
153 227
153 252
153 270
157 277
158 242
158 280
159 232
162 264
162 284
166 218
168 175
168 207
168 281
171 244
172 184
172 235
172 282
173 285
174 201
175 251
176 193
176 236
178 188
178 205
180 194
181 205
181 206
181 260
184 294
186 216
186 221
186 262
186 274
189 267
189 289
192 198
194 222
195 204
201 247
202 209
202 263
203 253
205 234
205 256
205 269
205 295
206 254
218 225
220 249
236 279
242 281
245 278
245 286
262 263
264 275
264 282
