0 2
0 5
0 9
0 56
0 68
0 87
0 103
0 152
0 165
0 182
0 245
0 265
0 270
0 360
0 380
1 2
1 3
1 4
1 6
1 8
1 10
1 13
1 20
1 22
1 29
1 31
1 38
1 42
1 44
1 46
1 50
1 54
1 62
1 65
1 66
1 78
1 79
1 84
1 94
1 95
1 100
1 102
1 106
1 109
1 112
1 156
1 157
1 160
1 168
1 179
1 207
1 213
1 220
1 235
1 240
1 244
1 271
1 281
1 283
1 292
1 298
1 303
1 313
1 323
1 341
1 357
1 369
1 379
1 390
2 3
2 6
2 7
2 11
2 14
2 19
2 26
2 28
2 30
2 35
2 43
2 50
2 52
2 69
2 70
2 89
2 92
2 116
2 128
2 129
2 135
2 148
2 174
2 178
2 186
2 188
2 199
2 212
2 216
2 228
2 242
2 243
2 259
2 317
2 383
2 389
3 4
3 5
3 7
3 9
3 11
3 12
3 21
3 23
3 34
3 45
3 47
3 68
3 75
3 76
3 82
3 83
3 100
3 110
3 118
3 120
3 134
3 229
3 260
3 287
3 298
3 300
3 319
3 333
3 393
4 133
4 170
5 10
5 59
5 73
5 214
5 256
5 340
6 13
6 25
6 34
6 35
6 41
6 51
6 55
6 87
6 127
6 136
6 144
6 160
6 248
6 274
6 304
6 394
7 8
7 15
7 29
7 90
7 98
7 109
7 127
7 166
7 178
7 191
7 227
7 266
7 268
7 371
7 387
8 17
8 27
8 32
8 33
8 58
8 99
8 130
8 152
8 286
9 12
9 14
9 16
9 17
9 19
9 28
9 32
9 47
9 56
9 60
9 71
9 77
9 86
9 89
9 112
9 132
9 137
9 164
9 185
9 195
9 284
9 291
9 295
9 297
10 15
10 18
10 23
10 24
10 57
10 63
10 70
10 72
10 81
10 94
10 102
10 115
10 137
10 165
10 215
10 288
10 386
11 31
11 99
11 126
11 133
11 216
11 234
11 293
11 311
11 352
11 357
11 383
11 392
12 16
12 24
12 61
12 80
12 88
12 155
12 177
12 223
12 322
12 346
12 391
13 20
13 30
13 33
13 103
13 156
13 207
13 277
13 359
14 21
14 22
14 40
14 146
14 233
15 39
15 48
15 130
15 139
15 140
15 177
15 182
15 191
15 208
15 215
15 250
15 257
15 259
15 262
15 290
15 313
15 317
15 324
15 325
15 337
15 345
15 352
15 378
16 26
16 27
16 39
16 43
16 52
16 63
16 64
16 72
16 80
16 85
16 91
16 97
16 105
16 129
16 139
16 157
16 219
16 220
16 222
16 242
16 276
16 279
16 385
17 18
17 37
17 96
17 123
17 134
17 195
17 306
17 353
18 25
18 339
19 67
19 84
19 118
19 131
19 132
19 221
19 326
19 366
20 106
20 121
20 251
20 301
21 36
21 67
21 73
21 159
21 164
21 172
21 183
21 209
21 248
21 392
22 40
22 45
22 48
22 49
22 66
22 141
22 173
22 225
22 300
22 310
22 328
23 41
23 55
23 282
24 226
24 231
24 262
24 297
24 332
25 51
25 92
25 224
25 238
27 275
28 38
28 42
28 46
28 124
28 205
28 258
28 263
28 268
28 270
28 318
28 336
28 362
29 162
30 295
30 365
32 36
32 53
32 54
32 59
32 193
32 230
32 373
33 37
33 58
33 145
33 159
33 188
33 199
33 264
33 355
33 371
34 203
35 175
35 206
35 236
35 358
36 75
36 93
36 108
36 113
36 121
36 146
36 204
36 362
37 97
37 104
37 111
38 49
38 183
38 251
38 255
38 265
38 346
39 53
39 64
39 107
39 194
39 278
39 343
39 344
40 65
40 147
41 44
41 149
41 190
41 290
42 57
42 74
42 77
42 78
42 107
42 198
42 252
42 340
42 388
44 62
44 117
44 150
44 192
44 197
45 119
45 197
45 301
46 86
46 148
46 305
47 321
47 331
48 61
48 85
48 202
48 376
49 90
49 193
49 314
51 71
51 79
51 93
51 114
51 161
51 171
51 184
51 203
51 223
51 252
51 307
51 336
52 69
52 74
52 88
52 237
52 351
52 395
55 60
56 82
56 96
56 111
56 113
56 116
56 120
56 144
56 176
56 204
56 214
56 217
56 221
56 226
56 235
56 278
56 314
56 326
56 370
56 380
57 81
57 83
57 374
58 142
58 171
58 181
58 271
58 272
58 306
58 335
59 149
59 162
59 180
60 104
60 201
60 365
61 212
61 213
61 224
62 311
63 308
64 210
65 385
65 393
66 110
66 206
66 323
67 141
67 167
68 279
69 143
69 267
69 319
69 322
69 361
70 196
71 108
71 117
71 348
72 76
72 154
72 397
74 115
74 122
74 151
74 166
74 274
74 334
74 369
74 382
75 161
75 167
75 280
75 378
76 128
76 296
77 210
77 299
78 142
78 169
80 375
80 381
81 91
81 119
81 125
81 143
81 155
81 219
81 293
81 341
82 105
82 303
83 283
83 315
84 95
84 256
86 255
87 228
87 356
88 101
88 350
89 186
89 250
90 135
91 98
91 225
91 246
92 304
92 372
93 101
93 170
93 272
93 391
94 185
94 241
94 254
94 281
94 292
94 294
94 349
95 174
97 343
98 310
99 140
100 125
100 158
100 232
100 273
100 324
102 260
102 264
102 287
103 136
103 187
103 344
104 190
104 294
105 131
105 138
106 123
106 138
106 233
107 124
107 257
108 331
110 169
110 189
110 261
110 321
111 122
111 202
111 335
112 114
112 172
112 194
112 243
112 364
114 163
114 218
114 339
116 180
116 198
116 211
116 302
116 312
116 394
117 145
117 181
117 189
117 209
118 187
118 273
118 302
121 176
121 222
123 126
123 147
123 163
123 368
124 239
124 269
124 285
124 358
124 396
125 289
125 396
127 218
129 150
129 258
131 374
132 179
132 384
133 227
136 184
139 200
139 329
141 201
143 153
143 229
143 249
144 288
147 254
148 360
149 168
149 354
150 151
150 153
150 154
150 342
151 384
154 173
154 253
156 246
156 345
156 399
157 158
157 261
157 315
157 368
158 196
158 296
160 237
160 277
162 234
163 241
164 175
164 200
164 342
164 347
165 245
165 320
165 351
167 282
167 350
169 284
170 244
171 232
174 291
174 363
175 211
176 370
177 217
177 372
180 192
180 238
180 381
181 208
182 249
184 230
185 267
185 397
186 205
187 364
188 316
191 366
192 269
193 308
194 285
198 236
198 280
199 316
200 309
204 318
205 325
205 367
206 377
209 239
209 390
210 231
215 247
215 338
215 353
215 359
219 327
219 348
221 338
223 307
225 276
225 361
227 275
229 263
229 328
229 386
230 247
230 286
230 305
230 332
230 376
231 356
231 395
232 266
232 373
233 253
233 349
233 398
238 375
239 240
239 327
247 330
248 333
251 320
252 334
253 355
256 299
258 398
259 337
260 347
270 329
276 382
280 309
280 312
281 289
284 330
289 377
292 367
298 379
319 363
331 354
345 388
345 399
354 389
366 387
